19
35
42
45
59
61
68
94
138
156
167
182
189
212
215
230
235
236
246
256
257
262
263
266
274
281
291
303
304
318
334
337
349
358
363
378
382
389
390
395
512
535
553
555
564
566
571
573
589
607
608
610
611
612
613
616
618
619
621
622
627
628
633
635
640
649
667
709
731
741
742
788
806
807
841
900
1087
1110
1113
1141
1192
1253
1261
1263
1271
1281
1293
1303
1341
1372
1376
1399
1400
1406
1410
1416
1420
1483
1493
1494
1498
1499
1501
1516
1526
1553
1554
1570
1588
1631
1674
1692
1712
1714
1731
1740
1746
1749
1752
1753
1763
1830
1854
1870
1910
1914
1915
1918
1922
1931
1935
1939
1942
1944
1947
1950
1951
1952
1963
1966
1973
1975
1976
2002
2048
2092
2115
2123
2141
2146
2177
2178
2179
2191
2207
2224
2241
2252
2265
2278
2281
2287
2288
2293
2299
2305
2315
2323
2329
2335
2339
2358
2395
2436
2448
2484
2485
2497
2502
2533
2547
2569
2583
2590
2592
2594
2603
2613
2618
2622
2636
2639
2641
2642
2655
2656
2720
2752
2761
2762
2797
2815
2841
2845
2848
2856
2893
2908
2921
2994
3025
3050
3054
3062
3075
3077
3089
3112
3189
3197
3203
3217
3227
3252
3258
3275
3293
3294
3298
3302
3311
3319
3321
3331
3437
3440
3445
3446
3448
3453
3457
3459
3462
3463
3465
3468
3471
3474
3475
3513
3516
3520
3525
3530
3544
3561
3564
3576
3580
3583
3588
3597
3603
3611
3619
3620
3642
3715
3730
3741
3818
3825
3827
3857
3858
3859
3866
3870
3896
3897
3911
3918
3922
3926
3930
3937
3967
3987
3989
4041
4042
4044
4049
4114
4116
4146
4172
4180
4192
4264
4276
4283
4328
4342
4385
4391
4397
4416
4428
4432
4446
4455
4459
4460
4467
4490
4493
4507
4518
4529
4535
4553
4594
4626
4629
4631
4632
4633
4638
4640
4655
4657
4660
4661
4685
4713
4718
4724
4741
4750
4751
4767
4777
4778
4784
4791
4795
4804
4806
4813
4816
4837
4838
4846
4850
4899
4904
4908
4912
4913
4919
4920
4944
4947
4948
4974
5001
5004
5010
5064
5081
5101
5154
5177
5185
5191
5224
5264
5288
5328
5329
5338
5359
5387
5388
5402
5403
5437
5448
5453
5455
5486
5512
5546
5555
5560
5566
5617
5720
5736
5737
5800
5823
5824
5840
5841
5844
5845
5855
5874
5920
5927
5928
5929
5930
5936
5943
5952
5982
5988
6000
6007
6013
6033
6034
6035
6040
6042
6053
6061
6077
6083
6087
6090
6121
6123
6130
6151
6161
6201
6204
6230
6253
6290
6299
6302
6348
6349
6359
6365
6382
6443
6451
6501
6513
6536
6598
6661
6665
6681
6682
6688
6706
6707
6714
6715
6751
6771
6808
6834
6841
6849
6851
6852
6898
6905
6929
6951
6980
6997
7105
7127
7148
7149
7182
7193
7194
7208
7216
7244
7260
7262
7264
7267
7268
7269
7278
7336
7346
7350
7369
7388
7429
7438
7457
7461
7471
7487
7489
7535
7566
7654
7680
7728
7814
7829
7841
7850
7856
7894
7907
7909
7932
7947
7958
7974
7987
8000
8003
8011
8019
8076
8082
8089
8095
8096
8149
8165
8180
8187
8200
8223
8240
8241
8258
8294
8315
8399
8445
8455
8460
8602
8613
8648
8651
8665
8698
8703
8704
8735
8736
8765
8767
8797
8830
8835
8867
8878
8884
8889
8913
8921
8925
8928
8936
8939
8971
8976
8981
9017
9100
9103
9104
9132
9145
9150
9156
9161
9184
9208
9302
9306
9320
9396
9397
9433
9449
9452
9462
9522
9656
9657
9697
9727
9758
9779
9870
9928
9938
9995
10000
10021
10028
10030
10043
10071
10110
10117
10158
10164
10171
10231
10252
10253
10255
10258
10261
10268
10269
10290
10307
10309
10315
10323
10381
10426
10427
10438
10439
10445
10446
10455
10457
10466
10473
10477
10478
10613
10616
10633
10639
10678
10701
10734
10736
10742
10743
10745
10802
10803
10858
10860
10913
10983
11042
11057
11073
11081
11089
11096
11100
11104
11115
11124
11130
11138
11154
11161
11177
11182
11187
11243
11246
11248
11253
11257
11258
11260
11263
11334
11350
11371
11403
11407
11419
11438
11441
11480
11485
11493
11525
11529
11582
11584
11599
11616
11650
11670
11684
11704
11891
11903
11909
11918
11936
12001
12010
12011
12016
12039
12049
12053
12071
12075
12083
12084
12102
12117
12133
12135
12136
12267
12278
12341
12355
12387
12432
12436
12437
12447
12456
12464
12466
12473
12485
12493
12502
12512
12539
12540
12544
12551
12567
12587
12657
12666
12673
12703
12745
12781
12889
12890
12917
12940
13001
13018
13043
13178
13229
13242
13256
13261
13264
13306
13312
13330
13341
13360
13506
13590
13614
13692
13762
13781
13812
13823
13851
13865
14019
14026
14045
14048
14096
14100
14121
14136
14148
14216
14244
14257
14266
14312
14317
14335
14337
14346
14373
14411
14458
14474
14490
14540
14546
14578
14598
14639
14651
14674
14784
14804
14816
14822
14876
14880
14915
14918
14925
15008
15010
15089
15297
15298
15388
15421
15433
15504
15514
15533
15550
15577
15710
15713
15812
15995
15999
16126
16148
16180
16283
16396
16450
16483
16551
16561
16584
16605
16661
16673
16674
16684
16690
16692
16754
16915
16931
16936
16944
16996
17016
17017
17019
17148
17203
17204
17258
17274
17341
17366
17382
17383
17425
17491
17495
17513
17520
17525
17561
17582
17595
17597
17605
17609
17650
17733
17820
17839
17878
17880
17906
17919
17920
17928
17949
17973
18155
18198
18227
18329
18366
18387
18397
18409
18443
18480
18532
18559
18573
18584
18712
18735
18799
18801
18818
19190
19249
19304
19373
19450
19473
19613
19615
19633
19679
19747
19823
19961
19987
20023
20204
20260
20261
20270
20274
20279
20310
20335
20441
20451
20478
20524
20599
20624
20667
20676
20686
20690
20838
20903
20931
20940
20970
21048
21051
21055
21056
21057
21058
21059
21060
21061
21062
21063
21065
21067
21088
21178
21321
21552
21594
21598
21612
21768
21806
21826
21900
21902
21908
21959
21996
22002
22005
22018
22133
22234
22352
22432
22499
22512
22515
22519
22758
22913
22917
22932
22936
22947
22957
22981
23002
23007
23021
23317
23325
23354
23377
23409
23422
23433
23443
23453
23464
23525
23543
23548
23580
23965
23966
23981
23992
24098
24132
24141
24265
24280
24436
24437
24438
24459
24467
24503
24749
24750
24863
24909
25000
25100
25118
25142
25169
25172
25175
25206
25212
25253
25269
25311
25345
25348
25349
25366
25375
25387
25469
25488
25489
26001
26214
26238
26241
26355
26537
26595
26621
26679
26720
26782
26929
27006
27054
27278
27419
27508
27662
27665
27689
27741
27790
28166
28399
28451
28463
28545
28693
28719
28728
28729
28767
28784
28811
28843
28857
28858
28864
28878
28944
29105
29526
29655
29673
29699
29811
30010
30042
30068
30098
30147
30182
30190
30202
30225
30261
30452
30550
30594
30736
30766
30855
30898
31271
31373
31476
31712
31744
31750
31786
31897
32175
32442
32478
32672
32723
33318
33787
33833
34308
34418
35374
35384
35922
37046
37354
37595
37987
38082
38532
38901
39473
40317
41112
41554
41569
41798
42288
42658
42691
42965
43100
43693
44104
44816
44866
45466
45538
45598
45734
45765
45792
46918
47554
47571
48646
48731
49298
49957
50543
51568
51575
51576
51577
51578
51589
51736
51931
52115
54571
54996
55956
56944
60745
65626
66729
80444
