8
57
147
233
259
302
319
336
427
485
521
538
620
788
819
913
934
970
1016
1033
1049
1094
1103
1113
1149
1263
1296
1320
1328
1352
1423
1455
1476
1505
1701
1751
1774
1822
1856
1887
1933
1952
1987
2022
2032
2055
2128
2151
2232
2300
2315
2330
2367
2393
2437
2462
2487
2498
2549
2586
2611
2636
2701
2716
2748
2831
2879
2911
2934
2952
2961
2989
3032
3083
3122
3203
3220
3233
3257
3279
3337
3396
3421
3454
3513
3539
3568
3646
3728
3743
3789
3817
3836
3914
3943
3957
4031
4089
4109
4135
4154
4188
4237
4324
4363
4488
4549
4681
4717
4742
4762
4795
4911
4977
5024
5046
5075
5108
5186
5251
5266
5323
5424
5478
5584
5648
5817
5863
5937
5959
6020
6047
6067
6092
6111
6120
6141
6186
6195
6403
6452
6510
6548
6585
6652
6663
6677
6704
6796
6862
6888
6897
6919
6934
6995
7050
7066
7081
7105
7122
7175
7212
7268
7275
7290
7328
7379
7396
7506
7558
7706
7740
7779
7843
7865
7924
7948
7978
8016
8039
8068
8095
8216
8232
8315
8336
8351
8373
8386
8408
8445
8452
8484
8554
8567
8612
8622
8670
8680
8691
8716
8743
8775
8794
8883
8905
8953
8974
8997
9016
9054
9106
9145
9152
9167
9198
9307
9402
9411
9440
9469
9486
9528
9548
9566
9578
9600
9660
9689
9766
9796
9845
9909
9917
9928
9985
10054
10178
10192
10235
10253
10289
10327
10376
10425
10486
10510
10523
10567
10587
10620
10634
10654
10680
10691
10725
10740
10808
10831
10885
10949
10990
11001
11042
11081
11109
11144
11166
11260
11274
11295
11367
11402
11428
11475
11535
11568
11604
11636
11690
11699
11713
11721
11729
11765
11779
11797
11829
11844
11853
11896
11932
11962
11996
12003
12025
12034
12074
12098
12125
12155
12205
12299
12353
12366
12417
12476
12506
12529
12587
12623
12667
12690
12708
12804
12829
12847
12874
12885
12925
12976
12994
13001
13062
13084
13102
13129
13161
13191
13214
13222
13229
13251
13293
13320
13356
13366
13434
13469
13629
13642
13676
13691
13713
13724
13783
13791
13913
13936
13973
13994
14030
14048
14067
14077
14138
14206
14215
14288
14323
14349
14386
14426
14486
14497
14579
14601
14631
14653
14666
14677
14735
14759
14876
14889
14944
14966
14974
14998
15012
15049
15067
15092
15116
15180
15211
15232
15260
15298
15307
15318
15408
15464
15494
15526
15554
15565
15583
15624
15728
15766
15773
15784
15800
15807
15863
15905
15991
16016
16042
16080
16090
16181
16193
16205
16394
16419
16450
16495
16512
16524
16553
16602
16626
16643
16679
16727
16834
16867
16915
16935
16953
16972
16998
17021
17102
17130
17187
17200
17210
17308
17340
17397
17430
17462
17531
17555
17633
17659
17684
17807
17829
17855
18115
18144
18349
18481
18588
18666
18745
18785
18924
19009
19222
19320
19354
19560
19622
19688
19812
20181
20214
20235
20269
20462
20614
20719
20889
20949
21050
21073
21127
21307
21343
21503
21634
21682
21733
21779
21994
22005
22054
22091
22163
22225
22245
22445
22507
22526
22563
22617
22681
22688
22728
22743
22919
23026
23100
23135
23199
23351
23367
23486
23523
23595
23650
23687
23723
23849
23992
24009
24096
24208
24227
24266
24404
24571
24608
24770
24802
24924
25074
25253
25395
25488
25515
25702
25723
25810
25835
25936
26018
26036
26261
26305
26497
26550
26579
26623
26642
26787
26876
27025
27065
27166
27181
27229
27275
27380
27421
27466
27541
27624
27640
27697
27706
27748
27832
27910
28206
28219
28336
28459
28526
28550
28564
28594
28623
28674
28803
28843
29167
29415
29427
29455
29509
29555
29658
29712
29921
30018
30064
30103
30118
30221
30261
30378
30548
30669
30712
30815
30848
31020
31039
31053
31429
31602
31749
31809
31942
31994
32033
32059
32088
32180
32282
32387
32415
32438
32518
32542
32598
32617
32666
32724
32738
32981
33045
33106
33121
33163
33256
33328
33457
33625
33703
33746
33804
33925
34001
34047
34267
34396
34537
34764
34807
34860
35010
35030
35089
35223
35289
35374
35440
35480
35518
35541
35646
35745
35848
35908
35995
36075
36200
36332
36493
36549
36597
36616
36667
36735
36746
36829
36844
36971
37115
37186
37213
37243
37550
37567
37786
37950
38220
38271
38525
38536
38719
38790
38853
39053
39077
39091
39164
39319
39359
39415
39593
39642
39674
39694
39813
39840
39895
39968
40146
40306
40324
40387
40562
40599
40625
40683
40836
40878
40917
41072
41150
41183
41201
41330
41461
41470
41505
41568
41610
41685
41759
41788
41801
41911
42074
42250
42525
42630
42725
42841
42950
43046
43070
43164
43502
43554
43978
44010
44046
44166
44278
44303
44368
44382
44414
44451
44460
44712
44871
44987
45151
45212
45232
45368
45428
45497
45573
45650
45748
45897
45945
45974
46220
46279
46319
46409
46549
46715
46766
46798
46888
46970
47150
47238
47252
47354
47462
47559
47658
47778
47923
47951
47996
48054
48330
48357
48396
48429
48485
48520
48552
48586
48618
48810
49031
49159
49238
49268
49300
49363
49394
49408
49482
49591
49816
49839
49850
49896
50012
50064
50195
50255
50323
50387
50415
50438
50556
50603
50628
50698
50732
50763
50838
50917
50941
51017
51114
51188
51283
51367
51379
51444
51488
51543
51579
51757
51780
51985
52177
52303
52355
52394
52474
52515
52565
52621
52717
52751
53033
53104
53118
53161
53194
53225
53346
53410
53464
53624
53668
53725
53806
53949
54005
54153
54173
54208
54255
54307
54333
54425
54441
54461
54473
54505
54582
54691
54772
54847
54916
54968
55034
55147
55267
55395
55512
55773
55826
55843
55976
55995
56055
56067
56089
56171
56373
56555
56684
56742
56796
56885
56997
57030
57151
57284
57443
57505
57681
57722
57943
57956
57999
58181
58464
58519
58602
58699
58758
58771
58871
58923
58935
59005
59180
59208
59264
59596
59756
59871
60064
60395
60465
60597
60610
60654
60690
60725
60756
60840
61034
61108
61193
61268
61308
61392
61434
61522
61572
61581
61607
61637
61713
61876
62070
62149
62195
62254
62278
62346
62356
62398
62461
62543
62713
62825
62938
62997
63207
63236
63248
63285
63394
63458
63519
63556
63581
63633
63680
63696
63774
63821
63896
63930
64040
64050
64120
64239
64250
64432
64467
64476
64486
64607
64687
64705
64738
64801
64826
64859
65038
65077
65191
65215
65306
65423
65446
65612
65754
65800
65928
66011
66034
66198
66388
66428
66509
66662
66681
66713
66759
66824
66844
67063
67148
67640
67744
67794
67926
67984
68017
68086
68174
68228
68288
68308
68360
68439
68476
68693
68737
68918
68932
69167
69249
69459
69550
69717
69725
69777
69797
69836
69950
70006
70048
70094
70202
70218
70497
70613
70781
70831
70838
70894
70991
71011
71214
71371
71493
71598
71664
71735
71822
71831
72099
72207
72255
72405
72465
72551
72631
72646
72718
72740
72798
72924
73128
73144
73226
73317
73360
73473
73561
73580
73623
73653
73727
73797
73870
74019
74225
74254
74271
74379
74444
74577
74708
74793
74843
74967
75015
75061
75110
75182
75204
75232
75265
75324
75507
75561
75626
75749
75927
75986
75998
76447
76529
76601
76680
76734
76837
76885
76931
76972
77046
77133
77180
77247
77302
77413
77527
77620
77754
78003
78108
78201
78214
78238
78257
78341
78389
78404
78549
78592
78607
78674
78703
78721
78755
78854
79054
79113
79164
79205
79280
79397
79486
79593
79706
79744
79770
79882
80036
80083
80270
80282
80298
80334
80359
80417
80443
80474
80488
80502
80559
80683
80743
80773
80924
80959
80991
81102
81173
81195
81344
81392
81416
81484
81511
81597
81706
82006
82073
82093
82141
82284
82359
82395
82425
82630
82662
82770
82887
82897
82979
83001
83039
83070
83181
83355
83375
83388
83408
83447
83503
83527
83619
83640
83675
83690
83844
83903
83954
84023
84115
84124
84229
84239
84365
84382
84469
84521
84552
84568
84603
84620
84791
84917
84972
85166
85268
85279
85364
85410
85506
85556
85592
85755
85813
85943
86012
86086
86141
86217
86268
86320
86388
86468
86672
86730
86875
86928
87192
87453
87499
87615
87652
87693
87760
87841
87897
87923
87974
88108
88153
88241
88649
88658
88706
88716
88800
88842
88964
89083
89182
89201
89224
89295
89391
89454
89549
89560
89615
89712
89838
89869
89921
89990
90070
90113
90145
90178
90290
90404
90433
90442
90629
90877
90925
91038
91110
91138
91172
91262
91381
91446
91458
91479
91516
91618
91638
91730
91764
91868
91998
92177
92302
92318
92341
92383
92419
92465
92476
92564
92616
92631
92690
92890
92968
93000
93030
93070
93114
93282
93408
93463
93708
93793
93867
93902
94012
94054
94089
94282
94482
94632
94771
94871
94895
94964
95023
95033
95066
95115
95152
95213
95237
95278
95487
95587
95606
95671
95685
95705
95919
95944
96012
96132
96154
96313
96426
96551
96577
96588
96606
96666
96703
96766
96816
96991
97216
97386
97403
97458
97497
97582
97600
97661
97691
97723
97770
97786
97867
97951
98048
98097
98179
98206
98331
98444
98495
98636
98720
98784
98870
98932
98963
98998
99093
99132
99207
99246
99345
99379
99392
99512
99536
99654
100111
100149
100232
100456
100668
100884
100981
101038
101198
101421
101470
101624
101819
101946
102014
102120
102185
102248
102362
102379
102444
102589
102661
102722
102824
102867
102909
102929
102977
103005
103225
103371
103491
103522
103593
103644
103866
103884
103913
104003
104064
104231
104291
104316
104354
104605
104706
104800
104856
104968
104999
105373
105425
105468
105581
105638
105661
105714
105789
105832
105986
106060
106104
106378
106631
106690
106739
106781
106971
107005
107072
107171
107521
107636
107755
107862
107984
108035
